   Rotamer making statitics:
   Residue   Start  Clean   Swap Rotate   Self  Hbond Repack  Ioni.   TorH     OH  Elect
   NTRA0007      1      1      1      1      1      1      1      2      2      2      2
   LEUA0007      1      1      1      1      1      1      1      1      1      1      1
   HISA0008      1      1      2      2      2      2      2      6      6      6      6
   LYSA0009      1      1      1      1      1      1      1      2      2      2      2
   GLUA0010      1      1      1      1      1      1      1      3      5      5      5
   PROA0011      1      1      1      1      1      1      1      1      1      1      1
   ALAA0012      1      1      1      1      1      1      1      1      1      1      1
   THRA0013      1      1      1      1      1      1      1      1      2      2      1
   LEUA0014      1      1      1      1      1      1      1      1      1      1      1
   ILEA0015      1      1      1      1      1      1      1      1      1      1      1
   LYSA0016      1      1      1      1      1      1      1      2      2      2      2
   ALAA0017      1      1      1      1      1      1      1      1      1      1      1
   ILEA0018      1      1      1      1      1      1      1      1      1      1      1
   ASPA0019      1      1      1      1      1      1      1      3      5      5      5
   GLYA0020      0      0      0      0      0      0      0      0      0      0      0
   ASPA0021      1      1      1      1      1      1      1      3      5      5      5
   THRA0022      1      1      1      1      1      1      1      1      2      2      2
   VALA0023      1      1      1      1      1      1      1      1      1      1      1
   LYSA0024      1      1      1      1      1      1      1      2      2      2      2
   LEUA0025      1      1      1      1      1      1      1      1      1      1      1
   META0026      1      1      1      1      1      1      1      1      1      1      1
   TYRA0027      1      1      1      1      1      1      1      2      3      3      3
   LYSA0028      1      1      1      1      1      1      1      2      2      2      2
   GLYA0029      0      0      0      0      0      0      0      0      0      0      0
   GLNA0030      1      1      2      2      2      2      2      2      2      2      2
   PROA0031      1      1      1      1      1      1      1      1      1      1      1
   META0032      1      1      1      1      1      1      1      1      1      1      1
   THRA0033      1      1      1      1      1      1      1      1      3      3      2
   PHEA0034      1      1      1      1      1      1      1      1      1      1      1
   ARGA0035      1      1      1      1      1      1      1      4      6      6      6
   LEUA0036      1      1      1      1      1      1      1      1      1      1      1
   LEUA0037      1      1      1      1      1      1      1      1      1      1      1
   LEUA0038      1      1      1      1      1      1      1      1      1      1      1
   VALA0039      1      1      1      1      1      1      1      1      1      1      1
   ASPA0040      1      1      1      1      1      1      1      3      5      5      5
   THRA0041      1      1      1      1      1      1      1      1      2      2      2
   PROA0042      1      1      1      1      1      1      1      1      1      1      1
   GLUA0043      1      1      1      1      1      1      1      3      5      5      5
   PHEA0050      1      1      1      1      1      1      1      1      1      1      1
   ASNA0051      1      1      2      2      2      2      2      2      2      2      2
   GLUA0052      1      1      1      1      1      1      1      3      5      5      5
   LYSA0053      1      1      1      1      1      1      1      2      2      2      2
   TYRA0054      1      1      1      1      1      1      1      2      2      2      2
   GLYA0055      0      0      0      0      0      0      0      0      0      0      0
   PROA0056      1      1      1      1      1      1      1      1      1      1      1
   GLUA0057      1      1      1      1      1      1      1      3      5      5      5
   ALAA0058      1      1      1      1      1      1      1      1      1      1      1
   SERA0059      1      1      1      1      1      1      1      1      2      2      1
   ALAA0060      1      1      1      1      1      1      1      1      1      1      1
   PHEA0061      1      1      1      1      1      1      1      1      1      1      1
   THRA0062      1      1      1      1      1      1      1      1      2      2      1
   LYSA0063      1      1      1      1      1      1      1      2      2      2      2
   LYSA0064      1      1      1      1      1      1      1      2      2      2      2
   META0065      1      1      1      1      1      1      1      1      1      1      1
   VALA0066      1      1      1      1      1      1      1      1      1      1      1
   GLUA0067      1      1      1      1      1      1      1      3      5      5      5
   ASNA0068      1      1      2      2      2      2      2      2      2      2      2
   ALAA0069      1      1      1      1      1      1      1      1      1      1      1
   LYSA0070      1      1      1      1      1      1      1      2      2      2      2
   LYSA0071      1      1      1      1      1      1      1      2      2      2      2
   ILEA0072      1      1      1      1      1      1      1      1      1      1      1
   GLUA0073      1      1      1      1      1      1      1      3      5      5      5
   VALA0074      1      1      1      1      1      1      1      1      1      1      1
   GLUA0075      1      1      1      1      1      1      1      3      5      5      5
   PHEA0076      1      1      1      1      1      1      1      1      1      1      1
   ASPA0077      1      1      1      1      1      1      1      3      5      5      5
   LYSA0078      1      1      1      1      1      1      1      2      2      2      2
   GLYA0079      0      0      0      0      0      0      0      0      0      0      0
   GLNA0080      1      1      2      2      2      2      2      2      2      2      2
   ARGA0081      1      1      1      1      1      1      1      4      4      4      4
   THRA0082      1      1      1      1      1      1      1      1      1      1      1
   ASPA0083      1      1      1      1      1      1      1      3      5      5      5
   LYSA0084      1      1      1      1      1      1      1      2      2      2      2
   TYRA0085      1      1      1      1      1      1      1      2      3      3      3
   GLYA0086      0      0      0      0      0      0      0      0      0      0      0
   ARGA0087      1      1      1      1      1      1      1      4      6      6      6
   GLYA0088      0      0      0      0      0      0      0      0      0      0      0
   LEUA0089      1      1      1      1      1      1      1      1      1      1      1
   ALAA0090      1      1      1      1      1      1      1      1      1      1      1
   TYRA0091      1      1      1      1      1      1      1      2      3      3      3
   GLUA0092      1      1      1      1      1      1      1      3      5      5      5
   TYRA0093      1      1      1      1      1      1      1      2      3      3      3
   ALAA0094      1      1      1      1      1      1      1      1      1      1      1
   ASPA0095      1      1      1      1      1      1      1      3      5      5      5
   GLYA0096      0      0      0      0      0      0      0      0      0      0      0
   LYSA0097      1      1      1      1      1      1      1      2      2      2      2
   META0098      1      1      1      1      1      1      1      1      1      1      1
   VALA0099      1      1      1      1      1      1      1      1      1      1      1
   ASNA0100      1      1      2      2      2      2      2      2      2      2      2
   GLUA0101      1      1      1      1      1      1      1      3      5      5      5
   ALAA0102      1      1      1      1      1      1      1      1      1      1      1
   LEUA0103      1      1      1      1      1      1      1      1      1      1      1
   VALA0104      1      1      1      1      1      1      1      1      1      1      1
   ARGA0105      1      1      1      1      1      1      1      4      6      6      6
   GLNA0106      1      1      2      2      2      2      2      2      2      2      2
   GLYA0107      0      0      0      0      0      0      0      0      0      0      0
   LEUA0108      1      1      1      1      1      1      1      1      1      1      1
   ALAA0109      1      1      1      1      1      1      1      1      1      1      1
   LYSA0110      1      1      1      1      1      1      1      2      2      2      2
   VALA0111      1      1      1      1      1      1      1      1      1      1      1
   ALAA0112      1      1      1      1      1      1      1      1      1      1      1
   TYRA0113      1      1      1      1      1      1      1      2      3      3      3
   VALA0114      1      1      1      1      1      1      1      1      1      1      1
   TYRA0115      1      1      1      1      1      1      1      2      2      2      2
   LYSA0116      1      1      1      1      1      1      1      2      2      2      2
   GLYA0117      0      0      0      0      0      0      0      0      0      0      0
   ASNA0118      1      1      2      2      2      2      1      1      1      1      1
   ASNA0119      1      1      2      2      2      2      2      2      2      2      2
   THRA0120      1      1      1      1      1      1      1      1      3      3      3
   HISA0121      1      1      2      2      2      2      1      3      3      3      3
   GLUA0122      1      1      1      1      1      1      1      3      5      5      5
   GLNA0123      1      1      2      2      2      2      2      2      2      2      2
   LEUA0124      1      1      1      1      1      1      1      1      1      1      1
   LEUA0125      1      1      1      1      1      1      1      1      1      1      1
   ARGA0126      1      1      1      1      1      1      1      4      5      5      5
   LYSA0127      1      1      1      1      1      1      1      2      2      2      2
   ALAA0128      1      1      1      1      1      1      1      1      1      1      1
   GLUA0129      1      1      1      1      1      1      1      3      5      5      5
   ALAA0130      1      1      1      1      1      1      1      1      1      1      1
   GLNA0131      1      1      2      2      2      2      2      2      2      2      2
   ALAA0132      1      1      1      1      1      1      1      1      1      1      1
   LYSA0133      1      1      1      1      1      1      1      2      2      2      2
   LYSA0134      1      1      1      1      1      1      1      2      2      2      2
   GLUA0135      1      1      1      1      1      1      1      3      5      5      5
   LYSA0136      1      1      1      1      1      1      1      2      2      2      2
   LEUA0137      1      1      1      1      1      1      1      1      1      1      1
   ASNA0138      1      1      2      2      2      2      2      2      2      2      2
   ILEA0139      1      1      1      1      1      1      1      1      1      1      1
   TRPA0140      1      1      1      1      1      1      1      1      1      1      1
   SERA0141      1      1      1      1      1      1      1      1      3      3      3
   GLUA0142      1      1      1      1      1      1      1      3      5      5      5
   ASPA0143      1      1      1      1      1      1      1      3      5      5      5
   CTRA0143      1      1      1      1      1      1      1      3      5      5      5
   Total       124    124    137    137    137    137    135    224    289    289    285
